0
11271
4758
5277
4767
1213
1718
10608
10071
0
645
3748
15991
0
62940
51277
669
33054
3234
70500
2970
2051
10741
107347
1787
446
370
84
22152
10509
104530
28092
45702
19967
11396
19168
18038
11069
10460
27612
18539
7582
14192
49570
46530
15416
23545
7454
35214
21222
7540
0
0
97
0
0
0
0
0
0
0
0
0
0
388
0
0
407
11409
49154
2224
11893
17227
15010
29681
1618
1249
0
901
26112
439
7181
20942
4699
122647
113132
39138
58857
41550
44656
0
3022
3043
6301
22448
1187
0
11751
0
0
0
0
0
0
0
0
0
0
0
12833
30138
21653
9009
799
1497
725
1344
698
6524
4870
397
874
936
373
1477
344
6214
10263
846
2038
274
691
968
1356
646
849
11260
1118
748
757
1685
742
1026
1743
1185
630
1533
1314
990
364
10286
40691
6109
19484
4099
96581
41060
31588
11455
23641
15213
28794
21167
98283
19495
48941
18177
13374
18252
111837
47521
18137
18101
9816
4647
1419
6351
642
3601
7984
2825
5056
103171
